0 FILE 31018 Highway Cruiser (Model A) - Angled.ldr
0 31018 Highway Cruiser (Model A) - Angled
0 Name: 31018 Highway Cruiser (Model A) - Angled.ldr
0 Year: 2014
0 Author: C3POwen
0 Official Model
1 16 0 0 0 1 0 0 0 0.983559 0.180588 0 -0.180588 0.983559 31018 Highway Cruiser (Model A).ldr
0
0 FILE 31018 Highway Cruiser (Model A).ldr
0 31018 Highway Cruiser (Model A)
0 Name: 31018 Highway Cruiser (Model A).ldr
0 Year: 2014
0 Author: C3POwen
0 Official Model
1 0 0 -8 0 0 0 1 0 1 0 -1 0 0 3022.dat
1 72 -10 -16 -10 0 0 1 0 1 0 -1 0 0 4073.dat
1 72 10 -16 -10 0 0 1 0 1 0 -1 0 0 4073.dat
0 STEP
1 0 -10 -24 10 -1 0 0 0 1 0 0 0 -1 13547.dat
1 0 10 -24 10 -1 0 0 0 1 0 0 0 -1 13547.dat
0 STEP
1 71 -10 -24 20 0 0 1 0 1 0 -1 0 0 99781.dat
1 71 10 -24 20 0 0 -1 0 1 0 1 0 0 99781.dat
1 0 0 -24 -10 1 0 0 0 1 0 0 0 1 3023.dat
0 STEP
1 72 -10 -48 30 1 0 0 0 1 0 0 0 1 3062b.dat
1 72 10 -48 30 1 0 0 0 1 0 0 0 1 3062b.dat
1 71 -10 -48 0 0 0 1 0 1 0 -1 0 0 32000.dat
1 71 10 -48 0 0 0 1 0 1 0 -1 0 0 32000.dat
0 STEP
1 72 -10 -48 60 0 0 1 0 1 0 -1 0 0 32064a.dat
1 72 10 -48 60 0 0 1 0 1 0 -1 0 0 32064a.dat
0 STEP
1 0 0 -38 60 1 0 0 0 1 0 0 0 1 3706.dat
1 71 -55 -38 60 0 0 1 0 1 0 -1 0 0 32123a.dat
0 STEP
1 0 -40 -38 80 1 0 0 0 1 0 0 0 1 32039.dat
1 71 -25 -38 60 0 0 1 0 1 0 -1 0 0 32123a.dat
0 STEP
1 71 -40 -38 100 0 0 1 0 1 0 -1 0 0 4519.dat
0 STEP
1 71 25 -38 60 0 0 1 0 1 0 -1 0 0 32123a.dat
1 72 -10 -56 70 0 0 1 0 1 0 -1 0 0 4073.dat
1 72 10 -56 70 0 0 1 0 1 0 -1 0 0 4073.dat
0 STEP
1 27 0 -64 70 1 0 0 0 1 0 0 0 1 3023.dat
1 72 0 -72 20 0 0 1 0 1 0 -1 0 0 3001.dat
0 STEP
1 72 -40 -38 140 1 0 0 0 1 0 0 0 1 32192.dat
0 STEP
1 0 0 -38 140 1 0 0 0 1 0 0 0 1 3706.dat
1 71 -55 -38 140 0 0 1 0 1 0 -1 0 0 32123a.dat
0 STEP
1 71 -25 -38 140 0 0 1 0 1 0 -1 0 0 32123a.dat
1 4 -10 -38 140 0 0 1 0 1 0 -1 0 0 6590.dat
0 STEP
1 71 0 -38 140 0 0 -1 0 1 0 1 0 0 56145.dat
1 256 0 -38 140 0 0 1 0 1 0 -1 0 0 44309.dat
1 71 25 -38 140 0 0 1 0 1 0 -1 0 0 32123a.dat
0 STEP
1 0 40 -38 80 1 0 0 0 1 0 0 0 1 32039.dat
1 71 40 -38 100 0 0 1 0 1 0 -1 0 0 4519.dat
1 72 40 -38 140 1 0 0 0 1 0 0 0 1 32192.dat
0 STEP
1 71 55 -38 140 0 0 1 0 1 0 -1 0 0 32123a.dat
1 71 55 -38 60 0 0 1 0 1 0 -1 0 0 32123a.dat
0 STEP
1 27 0 -88 70 -1 0 0 0 1 0 0 0 -1 3660.dat
1 27 0 -80 50 1 0 0 0 1 0 0 0 1 3023.dat
1 27 0 -88 50 1 0 0 0 1 0 0 0 1 3023.dat
0 STEP
1 14 0 -96 30 1 0 0 0 1 0 0 0 1 2458.dat
0 STEP
1 72 0 -96 10 1 0 0 0 1 0 0 0 1 85943.dat
1 71 0 -91.349 -41.714 0 1 0 0.761538 0 -0.64812 -0.64812 0 -0.761538 41678.dat
1 4 0 -86 -20 1 0 0 0 1 0 0 0 1 32062.dat
0 STEP
1 72 -10 -96 60 0 0 1 0 1 0 -1 0 0 99780.dat
1 72 10 -96 60 0 0 -1 0 1 0 1 0 0 99780.dat
1 72 -32 -98 60 0 1 0 0 0 -1 -1 0 0 2412b.dat
1 72 32 -98 60 0 -1 0 0 0 -1 1 0 0 2412b.dat
0 STEP
1 27 -10 -112 140 -1 0 0 0 1 0 0 0 -1 62361.dat
1 27 10 -112 140 1 0 0 0 1 0 0 0 1 62361.dat
0 STEP
1 27 -10 -104 70 0 0 1 0 1 0 -1 0 0 3623.dat
1 27 10 -104 70 0 0 1 0 1 0 -1 0 0 3623.dat
0 STEP
1 0 -10 -104 20 0 0 1 0 1 0 -1 0 0 44728.dat
1 0 10 -104 20 0 0 -1 0 1 0 1 0 0 44728.dat
1 27 -32 -94 20 0 1 0 0 0 -1 -1 0 0 3023.dat
1 27 32 -94 20 0 -1 0 0 0 1 -1 0 0 3023.dat
0 STEP
1 27 0 -112 60 0 0 1 0 1 0 -1 0 0 3795.dat
1 27 0 -120 20 0 0 1 0 1 0 -1 0 0 3022.dat
0 STEP
1 71 0 -104 190 -1 0 0 0 1 0 0 0 -1 99781.dat
1 36 0 -94 212 -1 0 0 0 0 -1 0 -1 0 3069b.dat
0 STEP
1 71 -40 -107.297 209.296 1 0 0 0 -0.707107 -0.707107 0 0.707107 -0.707107 3957a.dat
1 71 40 -107.297 209.296 1 0 0 0 -0.707107 -0.707107 0 0.707107 -0.707107 3957a.dat
1 27 -10 -128 170 -1 0 0 0 1 0 0 0 -1 50950.dat
1 27 10 -128 170 -1 0 0 0 1 0 0 0 -1 50950.dat
0 STEP
1 0 0 -120 120 1 0 0 0 1 0 0 0 1 48183.dat
1 0 0 -128 120 0 0 1 0 1 0 -1 0 0 3022.dat
0 STEP
1 72 -32 -44 30 0 1 0 1 0 0 0 0 -1 3710.dat
1 72 32 -44 30 0 -1 0 1 0 0 0 0 1 3710.dat
1 72 -32 -44 10 0 1 0 1 0 0 0 0 -1 2431.dat
1 72 32 -44 10 0 -1 0 1 0 0 0 0 1 2431.dat
0 STEP
1 38 -40 -54 30 0 1 0 1 0 0 0 0 -1 4073.dat
1 38 40 -54 30 0 -1 0 1 0 0 0 0 1 4073.dat
1 71 -48 -54 30 0 1 0 0 0 -1 -1 0 0 4740.dat
1 71 48 -54 30 0 -1 0 0 0 -1 1 0 0 4740.dat
0 STEP
1 71 0 -38 -10 1 0 0 0 0.819152 -0.573576 0 0.573576 0.819152 4519.dat
1 71 -25 -38 -10 0 1 0 0.573576 0 -0.819152 -0.819152 0 -0.573576 6632.dat
1 71 0 -70.766 -32.942 1 0 0 0 0.819152 -0.573576 0 0.573576 0.819152 4519.dat
1 14 -15 -70.766 -32.942 0 0 1 0.573576 0.819152 0 -0.819152 0.573576 0 32123b.dat
0 STEP
1 14 15 -70.766 -32.942 0 0 1 0.573576 0.819152 0 -0.819152 0.573576 0 32123b.dat
0 STEP
1 71 25 -38 -10 0 1 0 0.573576 0 -0.819152 -0.819152 0 -0.573576 6632.dat
1 28 0 -85.255 -46.897 0 0 1 -0.761538 -0.64812 0 0.64812 -0.761538 0 6587.dat
0 STEP
1 16 0 -91.349 -41.714 1 0 0 0 0.761538 0.64812 0 -0.64812 0.761538 Wheel_Front.ldr
0 STEP
1 4 0 -68.501 -61.156 1 0 0 0 -0.64812 0.761538 0 -0.761538 -0.64812 6590.dat
0 STEP
1 0 0 -112 90 1 0 0 0 1 0 0 0 1 85984.dat
1 72 -10 -128 10 0 0 1 0 1 0 -1 0 0 4073.dat
1 72 10 -128 10 0 0 1 0 1 0 -1 0 0 4073.dat
0 STEP
1 27 0 -136 40 -1 0 0 0 1 0 0 0 -1 47753.dat
0
0 FILE Wheel_Front.ldr
0 Wheel (Front)
0 Name: Wheel_Front.ldr
0 Author: C3POwen
0 Official Model
1 0 0 0 0 1 0 0 0 0 1 0 -1 0 92907.dat
0 STEP
1 71 0 0 -20 1 0 0 0 1 0 0 0 1 32557.dat
0 STEP
1 72 -30 -20 -20 0 0 -1 0 1 0 1 0 0 10197.dat
1 72 30 -20 -20 0 0 1 0 1 0 -1 0 0 10197.dat
0 STEP
1 0 30 20 -20 1 0 0 0 0 1 0 -1 0 32039.dat
1 72 2 0 -20 1 0 0 0 1 0 0 0 1 87083.dat
0 STEP
1 0 -30 20 -20 1 0 0 0 0 1 0 -1 0 32039.dat
0 STEP
1 1 -10 20 -30 0 0 1 0 1 0 -1 0 0 4274.dat
1 1 10 20 -30 0 0 1 0 1 0 -1 0 0 4274.dat
0 STEP
1 72 -10 20 -38 0 0 1 1 0 0 0 1 0 12825.dat
1 72 10 20 -38 0 0 1 1 0 0 0 1 0 12825.dat
0 STEP
1 16 0 20 -44 1 0 0 0 -0.777146 -0.62932 0 0.62932 -0.777146 Light.ldr
0 STEP
1 71 -30 80 -20 0 -1 0 1 0 0 0 0 1 44294.dat
1 71 30 80 -20 0 -1 0 1 0 0 0 0 1 44294.dat
1 71 -30 160 -20 -1 0 0 0 0 1 0 1 0 32013.dat
1 71 30 160 -20 1 0 0 0 0 1 0 -1 0 32013.dat
0 STEP
1 71 -45 160 -20 0 0 1 0 1 0 -1 0 0 32123a.dat
1 71 0 160 -20 1 0 0 0 1 0 0 0 1 32073.dat
0 STEP
1 4 -10 160 -20 0 0 1 0 1 0 -1 0 0 6590.dat
0 STEP
1 71 0 160 -20 0 0 -1 0 1 0 1 0 0 56904.dat
1 256 0 160 -20 0 0 1 0 1 0 -1 0 0 56898.dat
0 STEP
1 71 45 160 -20 0 0 1 0 1 0 -1 0 0 32123a.dat
0 STEP
1 71 -30 -50 -20 0 -1 0 0 0 1 -1 0 0 30553.dat
1 71 30 -50 -20 0 -1 0 0 0 1 -1 0 0 30553.dat
1 72 -37.071 -67.071 -20 0 -0.707107 -0.707107 0 0.707107 -0.707107 1 0 0 30552.dat
1 72 37.071 -67.071 -20 0 -0.707107 0.707107 0 -0.707107 -0.707107 1 0 0 30552.dat
0 STEP
1 72 -58.284 -88.283 -20 -0.707107 0 -0.707107 0.707107 0 -0.707107 0 -1 0 10197.dat
1 72 58.284 -88.283 -20 -0.707107 0 0.707107 -0.707107 0 -0.707107 0 -1 0 10197.dat
0 STEP
1 0 -58.284 -88.283 10 0.707107 0.707107 0 -0.707107 0.707107 0 0 0 1 6538c.dat
1 0 58.284 -88.283 10 0.707107 -0.707107 0 0.707107 0.707107 0 0 0 1 6538c.dat
0
0 FILE Light.ldr
0 Light
0 Name: Light.ldr
0 Author: C3POwen
0 Official Model
1 27 0 10 30 1 0 0 0 -1 0 0 0 -1 14769.dat
0 STEP
1 27 0 2 40 1 0 0 0 -1 0 0 0 -1 3023.dat
1 0 0 2 20 -1 0 0 0 -1 0 0 0 1 48336.dat
0 STEP
1 0 -10 -6 30 0 0 1 0 -1 0 1 0 0 48336.dat
1 0 10 -6 30 0 0 -1 0 -1 0 -1 0 0 48336.dat
0 STEP
1 15 0 -14 30 0 0 -1 0 -1 0 -1 0 0 4032a.dat
0 STEP
1 72 -30 -14 30 1 0 0 0 -1 0 0 0 -1 12825.dat
1 72 30 -14 30 1 0 0 0 -1 0 0 0 -1 12825.dat
0 STEP
1 38 -30 -22 30 0 0 -1 0 -1 0 -1 0 0 4073.dat
1 47 0 -22 30 -1 0 0 0 -1 0 0 0 1 2654.dat
1 38 30 -22 30 0 0 -1 0 -1 0 -1 0 0 4073.dat
0 NO FILE